[gd_scene load_steps=5 format=3 uid="uid://devqkdhioxju7"]

[sub_resource type="BoxShape3D" id="BoxShape3D_fva0q"]
size = Vector3(0.3, 0.1, 0.5)

[sub_resource type="BoxMesh" id="BoxMesh_goy6u"]
size = Vector3(0.3, 0.1, 0.5)

[sub_resource type="BoxShape3D" id="BoxShape3D_goy6u"]
size = Vector3(0.02, 0.02, 0.02)

[sub_resource type="BoxMesh" id="BoxMesh_27w2c"]
size = Vector3(0.05, 0.02, 0.5)

[node name="Drone" type="Node3D"]

[node name="Body" type="RigidBody3D" parent="."]

[node name="CollisionShape3D" type="CollisionShape3D" parent="Body"]
shape = SubResource("BoxShape3D_fva0q")

[node name="MeshInstance3D" type="MeshInstance3D" parent="Body"]
mesh = SubResource("BoxMesh_goy6u")

[node name="Arm" type="RigidBody3D" parent="."]
transform = Transform3D(0.788419, 0, -0.615139, 0, 1, 0, 0.615139, 0, 0.788419, 0.172467, 0.0272462, -0.285137)

[node name="CollisionShape3D" type="CollisionShape3D" parent="Arm"]
shape = SubResource("BoxShape3D_goy6u")

[node name="MeshInstance3D" type="MeshInstance3D" parent="Arm"]
mesh = SubResource("BoxMesh_27w2c")

[node name="Arm2" type="RigidBody3D" parent="."]
transform = Transform3D(-0.737831, 0, 0.674985, 0, 1, 0, -0.674985, 0, -0.737831, -0.135376, 0.0272462, 0.234355)

[node name="CollisionShape3D" type="CollisionShape3D" parent="Arm2"]
shape = SubResource("BoxShape3D_goy6u")

[node name="MeshInstance3D" type="MeshInstance3D" parent="Arm2"]
mesh = SubResource("BoxMesh_27w2c")

[node name="Arm3" type="RigidBody3D" parent="."]
transform = Transform3D(-0.75868, 0, -0.651463, 0, 1, 0, 0.651463, 0, -0.75868, 0.143686, 0.0259131, 0.248061)

[node name="CollisionShape3D" type="CollisionShape3D" parent="Arm3"]
shape = SubResource("BoxShape3D_goy6u")

[node name="MeshInstance3D" type="MeshInstance3D" parent="Arm3"]
mesh = SubResource("BoxMesh_27w2c")

[node name="Arm4" type="RigidBody3D" parent="."]
transform = Transform3D(0.773464, 0, 0.63384, 0, 1, 0, -0.63384, 0, 0.773464, -0.17066, 0.0272462, -0.285137)

[node name="CollisionShape3D" type="CollisionShape3D" parent="Arm4"]
shape = SubResource("BoxShape3D_goy6u")

[node name="MeshInstance3D" type="MeshInstance3D" parent="Arm4"]
mesh = SubResource("BoxMesh_27w2c")
