[gd_scene load_steps=7 format=3 uid="uid://devqkdhioxju7"]

[ext_resource type="Script" uid="uid://dpuf2erk8g1pw" path="res://prop.gd" id="1_goy6u"]
[ext_resource type="PackedScene" uid="uid://p4aou6fgkysu" path="res://prop.tscn" id="2_27w2c"]

[sub_resource type="BoxShape3D" id="BoxShape3D_fva0q"]
size = Vector3(0.3, 0.1, 0.5)

[sub_resource type="BoxMesh" id="BoxMesh_goy6u"]
size = Vector3(0.3, 0.1, 0.5)

[sub_resource type="BoxShape3D" id="BoxShape3D_goy6u"]
size = Vector3(0.05, 0.02, 0.5)

[sub_resource type="BoxMesh" id="BoxMesh_27w2c"]
size = Vector3(0.05, 0.02, 0.5)

[node name="Drone" type="Node3D"]

[node name="Body" type="RigidBody3D" parent="."]

[node name="CollisionShape3D" type="CollisionShape3D" parent="Body"]
shape = SubResource("BoxShape3D_fva0q")

[node name="MeshInstance3D" type="MeshInstance3D" parent="Body"]
mesh = SubResource("BoxMesh_goy6u")

[node name="Arm1" type="CollisionShape3D" parent="Body"]
transform = Transform3D(0.788419, 0, -0.615139, 0, 1, 0, 0.615139, 0, 0.788419, 0.172467, 0.0272462, -0.285137)
shape = SubResource("BoxShape3D_goy6u")

[node name="Arm2" type="MeshInstance3D" parent="Body"]
transform = Transform3D(0.788419, 0, -0.615139, 0, 1, 0, 0.615139, 0, 0.788419, 0.172467, 0.0272462, -0.285137)
mesh = SubResource("BoxMesh_27w2c")
skeleton = NodePath("")

[node name="CollisionShape3D3" type="CollisionShape3D" parent="Body"]
transform = Transform3D(-0.737831, 0, 0.674985, 0, 1, 0, -0.674985, 0, -0.737831, -0.135376, 0.0272462, 0.234355)
shape = SubResource("BoxShape3D_goy6u")

[node name="MeshInstance3D3" type="MeshInstance3D" parent="Body"]
transform = Transform3D(-0.737831, 0, 0.674985, 0, 1, 0, -0.674985, 0, -0.737831, -0.135376, 0.0272462, 0.234355)
mesh = SubResource("BoxMesh_27w2c")
skeleton = NodePath("")

[node name="CollisionShape3D4" type="CollisionShape3D" parent="Body"]
transform = Transform3D(-0.75868, 0, -0.651463, 0, 1, 0, 0.651463, 0, -0.75868, 0.143686, 0.0259131, 0.248061)
shape = SubResource("BoxShape3D_goy6u")

[node name="MeshInstance3D4" type="MeshInstance3D" parent="Body"]
transform = Transform3D(-0.75868, 0, -0.651463, 0, 1, 0, 0.651463, 0, -0.75868, 0.143686, 0.0259131, 0.248061)
mesh = SubResource("BoxMesh_27w2c")
skeleton = NodePath("")

[node name="CollisionShape3D5" type="CollisionShape3D" parent="Body"]
transform = Transform3D(0.773464, 0, 0.63384, 0, 1, 0, -0.63384, 0, 0.773464, -0.17066, 0.0272462, -0.285137)
shape = SubResource("BoxShape3D_goy6u")

[node name="MeshInstance3D5" type="MeshInstance3D" parent="Body"]
transform = Transform3D(0.773464, 0, 0.63384, 0, 1, 0, -0.63384, 0, 0.773464, -0.17066, 0.0272462, -0.285137)
mesh = SubResource("BoxMesh_27w2c")
skeleton = NodePath("")

[node name="Marker3D" type="Marker3D" parent="Body"]
transform = Transform3D(1, 0, 0, 0, 1, 0, 0, 0, 1, -0.292121, 0.0403777, 0.4044)
script = ExtResource("1_goy6u")
propeller = ExtResource("2_27w2c")

[node name="Marker3D2" type="Marker3D" parent="Body"]
transform = Transform3D(1, 0, 0, 0, 1, 0, 0, 0, 1, 0.295256, 0.0403777, 0.418533)
script = ExtResource("1_goy6u")
propeller = ExtResource("2_27w2c")

[node name="Marker3D3" type="Marker3D" parent="Body"]
transform = Transform3D(1, 0, 0, 0, 1, 0, 0, 0, 1, -0.322378, 0.0403777, -0.463734)
script = ExtResource("1_goy6u")
propeller = ExtResource("2_27w2c")

[node name="Marker3D4" type="Marker3D" parent="Body"]
transform = Transform3D(1, 0, 0, 0, 1, 0, 0, 0, 1, 0.309708, 0.0403777, -0.46642)
script = ExtResource("1_goy6u")
propeller = ExtResource("2_27w2c")
